200 500 10
153 26 9
26 30 74
30 174 68
174 15 89
15 39 1
39 191 18
191 91 30
91 47 48
47 12 9
190 63 27
63 139 85
139 22 92
22 153 70
22 186 5
186 29 17
186 26 51
29 137 62
137 94 94
137 12 91
94 143 45
143 140 54
143 98 12
140 137 19
140 26 65
140 150 98
150 27 31
156 137 22
156 88 55
88 25 9
59 79 65
79 172 11
172 94 80
172 189 29
189 69 77
69 148 1
148 158 10
148 27 10
158 155 48
155 26 8
155 89 8
89 105 9
105 14 35
14 121 20
121 116 3
121 91 70
116 155 93
116 142 13
142 9 59
9 39 36
9 113 69
113 107 33
107 77 31
175 131 9
175 45 9
111 184 94
184 109 64
109 58 94
125 108 92
108 183 63
108 116 36
183 137 45
183 62 64
24 103 51
24 191 98
24 142 64
103 196 13
103 91 39
196 43 22
196 142 84
43 95 1
95 173 79
173 10 77
10 31 33
31 61 4
55 77 26
55 110 34
110 46 39
46 71 61
46 59 95
38 187 76
38 47 39
38 77 5
187 182 11
182 157 85
157 51 18
157 10 76
51 0 91
51 185 40
185 143 35
185 78 46
167 188 39
188 147 35
188 56 62
56 25 35
56 190 66
56 154 8
154 105 40
154 55 64
154 75 61
75 67 56
75 104 60
104 117 10
36 93 58
36 139 38
36 6 81
165 106 6
165 2 89
5 159 7
7 125 26
7 170 83
7 47 89
7 79 89
7 148 32
170 13 16
13 199 43
13 163 77
199 60 16
60 59 73
60 37 14
37 52 67
52 119 89
52 63 62
68 26 46
68 115 65
68 149 28
68 162 5
68 22 10
68 186 81
169 95 44
169 113 28
169 164 44
169 55 26
169 53 59
169 172 10
169 184 20
53 71 7
53 12 30
53 78 16
53 127 53
28 43 10
28 55 16
28 141 70
41 23 82
41 84 76
23 137 19
23 101 79
23 191 20
84 5 91
84 146 91
84 14 20
84 15 32
84 156 49
84 126 2
84 148 4
168 66 61
168 20 62
168 142 38
168 62 32
20 151 50
20 61 37
20 126 8
35 30 35
35 20 55
35 103 96
35 40 66
40 54 55
54 73 96
73 7 94
73 185 72
73 82 16
82 54 10
82 190 100
82 179 5
179 169 12
179 57 81
57 165 90
57 47 68
57 83 29
83 167 20
83 169 79
83 19 67
19 30 85
19 123 16
19 45 95
19 69 40
19 109 12
74 158 10
74 150 61
74 31 18
195 26 7
195 18 16
195 54 9
195 179 40
195 96 21
18 165 48
18 39 58
18 76 40
18 123 71
18 86 18
18 31 45
76 178 57
76 45 55
178 174 50
178 37 22
178 154 89
178 192 62
192 36 63
192 118 100
192 34 52
34 99 61
34 30 55
34 14 52
34 73 79
34 107 84
34 32 35
34 123 29
34 31 99
34 109 4
99 29 29
99 92 15
99 105 27
99 39 69
99 95 20
99 120 64
99 10 11
99 62 14
92 42 23
42 38 16
42 193 33
42 171 71
171 26 99
171 85 41
171 48 81
85 72 49
85 54 67
85 77 37
72 44 41
72 172 33
72 77 64
44 87 13
87 14 17
87 176 33
87 16 19
176 144 14
176 192 75
176 161 16
176 22 20
176 159 57
161 155 10
161 5 58
161 196 54
161 37 66
161 106 31
161 154 56
16 99 5
16 18 23
16 121 78
16 152 71
16 113 57
16 169 52
130 81 70
130 97 99
130 179 8
130 159 9
81 143 48
81 40 8
81 95 78
81 169 45
97 38 16
97 135 60
97 151 21
97 173 24
97 188 21
97 127 11
135 99 61
135 11 50
135 198 95
135 154 56
135 127 21
11 112 73
11 5 35
11 105 67
11 90 10
90 21 56
90 42 49
90 8 51
8 107 98
8 1 35
8 127 51
1 36 90
1 27 56
1 53 32
1 33 7
1 41 60
33 149 83
33 145 38
33 130 58
145 99 84
145 180 37
145 95 16
145 173 3
145 188 16
145 73 48
145 111 5
145 28 39
145 166 48
166 125 76
166 179 15
21 182 45
21 181 62
21 51 69
21 196 57
21 10 59
21 56 67
21 22 49
112 3 91
112 135 62
112 140 78
112 190 78
3 65 34
3 60 45
3 69 92
65 46 32
65 99 76
65 29 34
65 26 52
65 28 75
160 155 97
160 143 69
160 133 16
80 40 33
80 55 66
80 93 21
48 183 32
48 124 47
48 49 81
48 61 2
124 185 93
49 144 37
120 137 87
120 197 8
120 150 7
120 22 42
32 155 95
32 58 14
32 148 4
86 177 55
86 52 39
86 31 13
4 143 50
4 117 84
4 43 63
4 58 11
4 179 99
4 132 39
132 150 56
132 175 61
132 77 25
132 159 68
50 94 50
50 10 11
50 45 35
96 70 4
96 153 82
96 194 77
96 103 51
96 142 14
96 136 1
96 58 12
70 17 47
17 111 11
66 119 68
102 95 15
102 25 88
102 10 40
102 61 78
134 129 45
134 173 26
129 89 17
129 128 70
128 24 14
128 119 75
128 60 49
164 56 83
164 186 53
162 117 77
162 63 20
162 45 76
64 105 66
64 43 49
163 190 14
2 182 60
2 55 75
6 111 20
67 191 92
67 167 63
147 107 93
131 150 93
98 30 36
0 153 28
12 190 69
25 59 1
27 156 9
45 111 76
58 125 44
58 26 51
61 183 95
61 55 26
62 24 76
71 38 22
71 116 13
77 175 8
78 167 45
93 165 27
93 185 74
100 46 87
100 143 11
100 75 80
100 78 38
101 140 92
106 115 7
106 191 42
114 100 20
114 68 67
114 122 49
114 154 87
114 110 53
115 26 18
115 183 2
115 5 19
117 122 30
117 186 89
118 7 24
118 174 77
118 156 95
118 167 84
119 114 23
119 107 56
119 64 93
122 138 61
123 133 61
123 116 98
123 95 37
123 10 95
126 102 58
126 28 72
127 5 22
127 134 3
127 136 73
133 74 100
133 195 29
133 94 97
133 15 42
133 52 34
136 144 39
136 38 17
136 174 78
138 36 62
138 10 46
138 55 73
141 41 57
144 114 75
144 149 64
144 126 7
146 168 23
146 31 80
146 127 2
149 25 59
149 169 24
151 35 43
152 144 36
152 26 43
152 80 67
152 130 87
159 118 40
177 155 74
177 140 72
177 47 34
177 122 39
177 27 19
177 4 65
177 77 86
177 50 26
180 15 36
180 156 92
180 60 92
181 0 57
181 122 74
193 52 43
194 88 10
194 91 25
194 45 49
197 117 63
197 95 62
198 165 53
198 26 86
198 94 16
198 14 12
198 160 12
198 10 78
103
21
82
47
16
169
16
19
23
112
194
